1 0
2 0
2 1
3 0
3 1
4 0
4 1
5 0
5 3
6 0
6 1
7 0
7 3
8 0
8 3
9 0
9 3
10 3
10 7
11 1
11 6
12 0
12 3
13 0
13 7
14 1
14 2
15 0
15 3
16 0
16 3
17 1
17 3
18 3
18 9
19 1
19 10
20 6
20 19
21 1
21 19
22 0
22 3
23 3
23 17
24 1
24 5
25 1
25 3
26 1
26 24
27 3
27 25
28 1
28 25
29 5
29 7
30 1
30 7
31 7
31 27
32 14
32 25
33 3
33 12
34 1
34 24
35 0
35 1
36 0
36 16
37 3
37 25
38 7
38 24
39 0
39 9
40 17
40 27
41 22
41 37
42 2
42 27
43 0
43 3
44 1
44 23
45 3
45 32
46 0
46 27
47 0
47 23
48 13
48 27
49 3
49 24
50 1
50 37
51 0
51 2
52 7
52 49
53 3
53 7
54 3
54 47
55 1
55 24
56 0
56 14
57 3
57 37
58 1
58 6
59 14
59 29
60 3
60 7
61 0
61 3
62 0
62 6
63 2
63 19
64 0
64 1
65 0
65 27
66 1
66 24
67 3
67 19
68 24
68 25
69 1
69 3
70 36
70 38
71 19
71 27
72 3
72 36
73 1
73 27
74 37
74 72
75 19
75 37
76 0
76 3
77 0
77 3
78 0
78 1
79 0
79 52
80 7
80 27
81 38
81 43
82 6
82 36
83 1
83 3
84 3
84 59
85 24
85 27
86 9
86 24
87 3
87 24
88 0
88 66
89 10
89 52
90 1
90 4
91 28
91 32
92 1
92 56
93 0
93 68
94 0
94 2
95 1
95 42
96 1
96 20
97 19
97 94
98 80
98 97
99 0
99 3
100 3
100 45
101 1
101 3
102 1
102 7
103 12
103 27
104 3
104 27
105 10
105 17
106 0
106 14
107 3
107 86
108 7
108 19
109 0
109 54
110 3
110 19
111 0
111 5
112 0
112 3
113 0
113 7
114 19
114 36
115 3
115 38
116 3
116 9
117 1
117 3
118 0
118 99
119 39
119 83
120 0
120 1
121 0
121 37
122 5
122 37
123 0
123 101
124 68
124 80
125 6
125 32
126 4
126 39
127 43
127 112
128 1
128 83
129 49
129 68
130 0
130 23
131 32
131 35
132 0
132 85
133 31
133 68
134 19
134 59
135 38
135 68
136 1
136 54
137 57
137 126
138 25
138 60
139 3
139 37
140 1
140 36
141 0
141 19
142 0
142 51
143 25
143 32
144 57
144 106
145 25
145 110
146 0
146 6
147 25
147 27
148 1
148 27
149 71
149 75
150 19
150 80
151 0
151 19
152 45
152 47
153 0
153 141
154 3
154 9
155 0
155 1
156 0
156 133
157 24
157 54
158 75
158 156
159 7
159 140
160 22
160 62
161 122
161 152
162 7
162 12
163 19
163 49
164 68
164 83
165 3
165 23
166 8
166 59
167 3
167 94
168 25
168 32
169 24
169 163
170 3
170 7
171 1
171 3
172 32
172 56
173 27
173 103
174 32
174 57
175 17
175 86
176 14
176 29
177 37
177 73
178 22
178 57
179 3
179 147
180 0
180 1
181 3
181 134
182 0
182 27
183 83
183 154
184 6
184 173
185 1
185 57
186 25
186 82
187 3
187 78
188 3
188 31
189 1
189 27
190 8
190 32
191 24
191 57
192 1
192 27
193 12
193 37
194 0
194 112
195 3
195 163
196 8
196 144
197 0
197 126
198 1
198 182
199 47
199 112
200 37
200 74
201 1
201 27
202 138
202 190
203 27
203 174
204 0
204 1
205 0
205 53
206 1
206 126
207 29
207 52
208 1
208 3
209 31
209 47
210 0
210 138
211 0
211 106
212 0
212 210
213 32
213 37
214 0
214 1
215 0
215 60
216 1
216 24
217 0
217 13
218 1
218 3
219 3
219 25
220 34
220 182
221 1
221 7
222 3
222 19
223 0
223 99
224 0
224 68
225 17
225 97
226 25
226 60
227 0
227 6
228 0
228 44
229 24
229 68
230 36
230 116
231 11
231 31
232 27
232 184
233 6
233 37
234 27
234 165
235 1
235 49
236 19
236 38
237 8
237 19
238 1
238 31
239 3
239 226
240 3
240 139
241 1
241 43
242 1
242 49
243 3
243 7
244 24
244 60
245 1
245 94
246 24
246 181
247 3
247 25
248 1
248 3
249 64
249 211
250 189
250 222
251 1
251 233
252 0
252 7
253 0
253 234
254 3
254 205
255 0
255 11
256 0
256 5
257 7
257 30
258 3
258 59
259 25
259 60
260 0
260 243
261 98
261 258
262 19
262 112
263 17
263 68
264 0
264 24
265 1
265 220
266 25
266 62
267 1
267 212
268 24
268 57
269 1
269 190
270 1
270 3
271 7
271 27
272 68
272 207
273 7
273 37
274 0
274 2
275 3
275 128
276 3
276 234
277 57
277 122
278 1
278 25
279 0
279 3
280 23
280 49
281 2
281 74
282 0
282 176
283 1
283 19
284 0
284 17
285 143
285 239
286 119
286 185
287 27
287 275
288 1
288 149
289 84
289 102
290 1
290 101
291 1
291 16
292 1
292 112
293 97
293 179
294 1
294 267
295 6
295 36
296 32
296 260
297 1
297 181
298 7
298 56
299 24
299 150
300 3
300 39
301 20
301 272
302 0
302 1
303 57
303 74
304 97
304 192
305 61
305 85
306 19
306 49
307 7
307 113
308 28
308 222
309 83
309 133
310 3
310 25
311 26
311 54
312 0
312 198
313 0
313 31
314 101
314 134
315 7
315 97
316 0
316 174
317 54
317 83
318 8
318 37
319 3
319 32
320 0
320 236
321 210
321 212
322 23
322 240
323 3
323 244
324 222
324 244
325 32
325 321
326 52
326 106
327 0
327 38
328 1
328 67
329 65
329 89
330 19
330 139
331 227
331 324
332 27
332 251
333 7
333 98
334 62
334 76
335 3
335 143
336 1
336 14
337 24
337 25
338 2
338 3
339 290
339 305
340 6
340 85
341 49
341 202
342 191
342 227
343 0
343 330
344 123
344 265
345 23
345 37
346 1
346 3
347 0
347 24
348 0
348 248
349 3
349 37
350 0
350 140
351 3
351 56
352 186
352 219
353 0
353 62
354 1
354 5
355 66
355 275
356 0
356 1
357 37
357 101
358 219
358 332
359 233
359 261
360 38
360 60
361 98
361 252
362 0
362 1
363 83
363 93
364 0
364 138
365 1
365 19
366 68
366 352
367 3
367 27
368 0
368 60
369 20
369 51
370 57
370 66
371 14
371 31
372 14
372 37
373 1
373 186
374 27
374 97
375 17
375 338
376 60
376 355
377 2
377 68
378 0
378 25
379 0
379 3
380 232
380 351
381 7
381 272
382 57
382 358
383 57
383 60
384 3
384 85
385 38
385 202
386 24
386 337
387 1
387 139
388 9
388 384
389 1
389 24
390 0
390 7
391 0
391 7
392 3
392 361
393 19
393 323
394 7
394 282
395 207
395 305
396 318
396 361
397 1
397 25
398 73
398 254
399 5
399 133
400 0
400 231
401 0
401 54
402 37
402 57
403 25
403 71
404 68
404 190
405 38
405 75
406 4
406 32
407 277
407 356
408 3
408 210
409 3
409 61
410 83
410 361
411 3
411 109
412 0
412 32
413 0
413 27
414 1
414 25
415 68
415 121
416 1
416 3
417 0
417 336
418 150
418 182
419 0
419 3
420 133
420 252
421 61
421 97
422 14
422 182
423 85
423 173
424 0
424 68
425 227
425 409
426 16
426 126
427 1
427 144
428 37
428 244
429 114
429 386
430 1
430 23
431 1
431 190
432 1
432 83
433 1
433 349
434 72
434 124
435 65
435 211
436 112
436 172
437 3
437 139
438 22
438 185
439 36
439 251
440 3
440 16
441 0
441 3
442 0
442 36
443 15
443 143
444 54
444 282
445 0
445 39
446 7
446 126
447 24
447 37
448 9
448 106
449 165
449 181
450 133
450 247
451 19
451 180
452 24
452 291
453 24
453 159
454 205
454 386
455 0
455 234
456 19
456 24
457 9
457 82
458 0
458 1
459 27
459 57
460 3
460 244
461 37
461 254
462 0
462 181
463 0
463 331
464 1
464 19
465 7
465 173
466 145
466 272
467 1
467 292
468 1
468 3
469 53
469 57
470 1
470 19
471 1
471 167
472 27
472 336
473 47
473 386
474 3
474 75
475 222
475 267
476 30
476 339
477 19
477 251
478 14
478 114
479 25
479 46
480 0
480 13
481 7
481 24
482 54
482 472
483 19
483 35
484 0
484 62
485 27
485 83
486 45
486 163
487 1
487 3
488 1
488 3
489 191
489 202
490 104
490 274
491 0
491 31
492 3
492 121
493 9
493 94
494 73
494 138
495 3
495 34
496 1
496 181
497 29
497 481
498 37
498 321
499 72
499 174
500 0
500 248
501 3
501 219
502 16
502 240
503 1
503 451
504 130
504 427
505 155
505 302
506 0
506 82
507 114
507 174
508 94
508 126
509 24
509 291
510 8
510 62
511 0
511 23
512 51
512 128
513 7
513 44
514 24
514 180
515 78
515 442
516 0
516 133
517 38
517 60
518 6
518 347
519 19
519 263
520 7
520 59
521 23
521 100
522 37
522 499
523 3
523 14
524 112
524 459
525 251
525 485
526 1
526 24
527 3
527 97
528 185
528 369
529 3
529 85
530 3
530 492
531 39
531 133
532 3
532 339
533 12
533 301
534 19
534 207
535 27
535 61
536 1
536 321
537 0
537 1
538 3
538 203
539 5
539 184
540 27
540 181
541 3
541 27
542 160
542 489
543 0
543 1
544 0
544 342
545 0
545 61
546 1
546 346
547 1
547 259
548 0
548 7
549 30
549 198
550 0
550 20
551 180
551 361
552 0
552 1
553 3
553 22
554 1
554 27
555 1
555 160
556 0
556 282
557 1
557 100
558 202
558 542
559 227
559 471
560 6
560 57
561 9
561 240
562 1
562 339
563 0
563 442
564 224
564 275
565 19
565 529
566 54
566 515
567 6
567 59
568 3
568 461
569 1
569 554
570 404
570 417
571 100
571 194
572 24
572 133
573 3
573 6
574 86
574 97
575 23
575 100
576 0
576 1
577 152
577 253
578 1
578 29
579 190
579 262
580 56
580 332
581 19
581 25
582 222
582 526
583 249
583 544
584 126
584 207
585 99
585 267
586 3
586 291
587 31
587 267
588 7
588 83
589 0
589 192
590 82
590 542
591 3
591 161
592 3
592 27
593 14
593 336
594 119
594 423
595 3
595 517
596 128
596 277
597 0
597 282
598 27
598 491
599 0
599 1
600 31
600 37
601 25
601 395
602 7
602 160
603 37
603 346
604 3
604 19
605 112
605 365
606 7
606 68
607 130
607 167
608 0
608 28
609 133
609 282
610 9
610 36
611 0
611 472
612 0
612 7
613 1
613 27
614 7
614 58
615 49
615 60
616 338
616 447
617 32
617 332
618 19
618 52
619 587
619 607
620 37
620 463
621 7
621 62
622 395
622 611
623 1
623 31
624 13
624 24
625 0
625 1
626 38
626 226
627 3
627 38
628 3
628 126
629 0
629 249
630 3
630 222
631 138
631 401
632 0
632 412
633 16
633 19
634 170
634 180
635 161
635 227
636 1
636 409
637 0
637 481
638 1
638 3
639 3
639 7
640 7
640 25
641 1
641 27
642 7
642 226
643 203
643 336
644 6
644 97
645 44
645 255
646 28
646 299
647 24
647 42
648 0
648 1
649 3
649 575
650 57
650 216
651 1
651 101
652 198
652 284
653 7
653 474
654 94
654 202
655 174
655 329
656 7
656 152
657 3
657 116
658 0
658 57
659 106
659 361
660 24
660 78
661 76
661 231
662 25
662 27
663 3
663 251
664 57
664 179
665 0
665 169
666 16
666 448
667 1
667 376
668 72
668 589
669 27
669 307
670 0
670 27
671 19
671 98
672 182
672 419
673 239
673 358
674 318
674 403
675 0
675 109
676 3
676 27
677 0
677 140
678 3
678 98
679 0
679 210
680 0
680 6
681 24
681 668
682 3
682 654
683 19
683 25
684 1
684 68
685 429
685 657
686 3
686 90
687 6
687 31
688 3
688 25
689 130
689 489
690 1
690 482
691 7
691 379
692 1
692 230
693 362
693 410
694 131
694 244
695 24
695 207
696 19
696 112
697 27
697 469
698 3
698 104
699 0
699 25
700 27
700 86
701 25
701 665
702 3
702 263
703 131
703 427
704 0
704 400
705 1
705 9
706 29
706 226
707 1
707 449
708 51
708 133
709 3
709 323
710 123
710 244
711 219
711 491
712 115
712 255
713 104
713 413
714 313
714 489
715 27
715 154
716 143
716 693
717 17
717 449
718 303
718 706
719 3
719 192
720 203
720 266
721 0
721 584
722 1
722 370
723 0
723 1
724 489
724 637
725 51
725 209
726 60
726 70
727 3
727 696
728 4
728 243
729 1
729 25
730 0
730 567
731 46
731 471
732 25
732 27
733 123
733 611
734 104
734 573
735 1
735 255
736 1
736 37
737 6
737 7
738 31
738 72
739 3
739 653
740 1
740 39
741 125
741 622
742 0
742 1
743 1
743 217
744 3
744 691
745 254
745 301
746 181
746 266
747 150
747 534
748 37
748 47
749 25
749 313
750 267
750 339
751 1
751 603
752 262
752 643
753 20
753 147
754 37
754 452
755 335
755 504
756 68
756 181
757 21
757 498
758 3
758 25
759 0
759 7
760 0
760 2
761 32
761 122
762 573
762 574
763 52
763 518
764 85
764 248
765 17
765 561
766 244
766 537
767 227
767 469
768 3
768 62
769 97
769 193
770 258
770 433
771 27
771 174
772 5
772 251
773 138
773 559
774 27
774 85
775 36
775 42
776 14
776 86
777 3
777 133
778 35
778 288
779 66
779 452
780 0
780 30
781 39
781 524
782 8
782 24
783 1
783 249
784 1
784 200
785 160
785 700
786 80
786 628
787 91
787 436
788 1
788 3
789 17
789 355
790 239
790 310
791 7
791 212
792 2
792 209
793 82
793 605
794 3
794 254
795 45
795 68
796 37
796 554
797 3
797 80
798 97
798 323
799 0
799 24
800 3
800 526
801 6
801 239
802 24
802 526
803 234
803 239
804 64
804 105
805 140
805 237
806 38
806 180
807 309
807 348
808 430
808 510
809 144
809 220
810 126
810 322
811 163
811 190
812 331
812 403
813 19
813 731
814 14
814 482
815 1
815 52
816 69
816 421
817 169
817 647
818 467
818 628
819 0
819 37
820 83
820 460
821 249
821 415
822 5
822 59
823 13
823 249
824 7
824 323
825 371
825 480
826 14
826 64
827 186
827 382
828 0
828 1
829 302
829 486
830 0
830 537
831 98
831 430
832 27
832 706
833 139
833 507
834 2
834 19
835 0
835 585
836 163
836 323
837 171
837 254
838 100
838 750
839 0
839 371
840 3
840 313
841 350
841 519
842 60
842 112
843 2
843 222
844 1
844 167
845 171
845 182
846 192
846 254
847 380
847 545
848 529
848 546
849 57
849 191
850 136
850 300
851 38
851 190
852 82
852 583
853 1
853 128
854 233
854 627
855 12
855 162
856 25
856 38
857 1
857 198
858 80
858 119
859 0
859 37
860 60
860 300
861 9
861 143
862 0
862 126
863 239
863 464
864 27
864 39
865 68
865 370
866 0
866 190
867 0
867 313
868 51
868 835
869 139
869 344
870 0
870 82
871 1
871 258
872 82
872 346
873 182
873 403
874 0
874 117
875 106
875 164
876 7
876 66
877 1
877 21
878 7
878 589
879 346
879 837
880 25
880 323
881 0
881 3
882 0
882 3
883 429
883 529
884 60
884 452
885 303
885 403
886 42
886 68
887 100
887 743
888 346
888 427
889 1
889 528
890 47
890 163
891 97
891 101
892 143
892 220
893 1
893 222
894 0
894 149
895 60
895 190
896 3
896 291
897 0
897 785
898 59
898 555
899 7
899 595
900 101
900 212
901 7
901 20
902 644
902 669
903 17
903 101
904 0
904 791
905 11
905 97
906 3
906 539
907 3
907 121
908 259
908 442
909 414
909 611
910 457
910 765
911 160
911 821
912 68
912 80
913 0
913 251
914 163
914 614
915 382
915 858
916 25
916 166
917 233
917 457
918 0
918 422
919 3
919 437
920 123
920 695
921 24
921 84
922 27
922 416
923 222
923 769
924 21
924 258
925 260
925 653
926 27
926 393
927 57
927 889
928 31
928 360
929 1
929 7
930 1
930 25
931 0
931 923
932 27
932 747
933 244
933 900
934 19
934 139
935 126
935 361
936 114
936 661
937 57
937 231
938 3
938 59
939 1
939 32
940 1
940 112
941 3
941 923
942 70
942 442
943 155
943 182
944 472
944 700
945 138
945 186
946 165
946 174
947 7
947 126
948 37
948 207
949 743
949 823
950 3
950 244
951 31
951 361
952 0
952 180
953 8
953 182
954 126
954 862
955 0
955 539
956 1
956 430
957 0
957 212
958 1
958 524
959 432
959 587
960 78
960 414
961 1
961 728
962 27
962 51
963 24
963 785
964 37
964 569
965 376
965 873
966 1
966 38
967 1
967 42
968 27
968 954
969 336
969 502
970 1
970 190
971 20
971 332
972 24
972 958
973 321
973 518
974 231
974 515
975 11
975 406
976 179
976 485
977 3
977 259
978 688
978 962
979 89
979 307
980 1
980 264
981 441
981 649
982 3
982 440
983 27
983 123
984 7
984 514
985 0
985 19
986 3
986 24
987 72
987 103
988 27
988 233
989 133
989 184
990 22
990 114
991 43
991 656
992 21
992 25
993 68
993 468
994 202
994 248
995 54
995 539
996 0
996 38
997 0
997 1
998 163
998 185
999 27
999 37
